1.22	1.45443504	104.3977314	-416.5455655	0
1.23	1.45443504	104.3977314	-416.5583222	1
1.24	1.45443504	104.3977314	-416.5701697	2
1.25	1.45443504	104.3977314	-416.5811563	3
1.26	1.45443504	104.3977314	-416.5913281	4
1.27	1.45443504	104.3977314	-416.6007286	5
1.28	1.45443504	104.3977314	-416.6093991	6
1.29	1.45443504	104.3977314	-416.6173789	7
1.3	1.45443504	104.3977314	-416.6247053	8
1.31	1.45443504	104.3977314	-416.6314136	9
1.32	1.45443504	104.3977314	-416.6375374	10
1.33	1.45443504	104.3977314	-416.6431087	11
1.34	1.45443504	104.3977314	-416.6481576	12
1.35	1.45443504	104.3977314	-416.652713	13
1.36	1.45443504	104.3977314	-416.656802	14
1.37	1.45443504	104.3977314	-416.6604507	15
1.38	1.45443504	104.3977314	-416.6636836	16
1.39	1.45443504	104.3977314	-416.6665241	17
1.4	1.45443504	104.3977314	-416.6689944	18
1.41	1.45443504	104.3977314	-416.6711155	19
1.42	1.45443504	104.3977314	-416.6729074	20
1.43	1.45443504	104.3977314	-416.6743891	21
1.44	1.45443504	104.3977314	-416.6755788	22
1.45	1.45443504	104.3977314	-416.6764934	23
1.46	1.45443504	104.3977314	-416.6771492	24
1.47	1.45443504	104.3977314	-416.6775618	25
1.48	1.45443504	104.3977314	-416.6777456	26
1.49	1.45443504	104.3977314	-416.6777148	27
1.5	1.45443504	104.3977314	-416.6774824	28
1.51	1.45443504	104.3977314	-416.677061	29
1.52	1.45443504	104.3977314	-416.6764625	30
1.53	1.45443504	104.3977314	-416.6756983	31
1.54	1.45443504	104.3977314	-416.674779	32
1.55	1.45443504	104.3977314	-416.6737148	33
1.56	1.45443504	104.3977314	-416.6725154	34
1.57	1.45443504	104.3977314	-416.6711899	35
1.58	1.45443504	104.3977314	-416.6697472	36
1.59	1.45443504	104.3977314	-416.6681953	37
1.6	1.45443504	104.3977314	-416.6665422	38
1.61	1.45443504	104.3977314	-416.6647952	39
1.62	1.45443504	104.3977314	-416.6629615	40
1.63	1.45443504	104.3977314	-416.6610478	41
1.64	1.45443504	104.3977314	-416.6590603	42
1.65	1.45443504	104.3977314	-416.6570052	43
1.66	1.45443504	104.3977314	-416.6548881	44
1.67	1.45443504	104.3977314	-416.6527145	45
1.68	1.45443504	104.3977314	-416.6504896	46
1.69	1.45443504	104.3977314	-416.6482182	47
1.7	1.45443504	104.3977314	-416.6459051	48
1.71	1.45443504	104.3977314	-416.6435545	49
1.72	1.45443504	104.3977314	-416.6411708	50
1.73	1.45443504	104.3977314	-416.638758	51
1.74	1.45443504	104.3977314	-416.6363199	52
1.75	1.45443504	104.3977314	-416.6338601	53
1.76	1.45443504	104.3977314	-416.6313822	54
1.77	1.45443504	104.3977314	-416.6288894	55
1.78	1.45443504	104.3977314	-416.626385	56
1.79	1.45443504	104.3977314	-416.6238722	57
1.8	1.45443504	104.3977314	-416.6213538	58
1.81	1.45443504	104.3977314	-416.6188329	59
1.82	1.45443504	104.3977314	-416.6163123	60
1.83	1.45443504	104.3977314	-416.6137949	61
1.84	1.45443504	104.3977314	-416.6112836	62
1.85	1.45443504	104.3977314	-416.6087812	63
1.86	1.45443504	104.3977314	-416.6062907	64
1.87	1.45443504	104.3977314	-416.6038154	65
1.88	1.45443504	104.3977314	-416.6013585	66
1.89	1.45443504	104.3977314	-416.5989237	67
1.9	1.45443504	104.3977314	-416.5965152	68
1.91	1.45443504	104.3977314	-416.5941375	69
1.92	1.45443504	104.3977314	-416.5917962	70
1.93	1.45443504	104.3977314	-416.5894976	71
1.94	1.45443504	104.3977314	-416.5872493	72
1.48332676	1	104.3977314	-416.5258389	179
1.48332676	1.01	104.3977314	-416.535549	180
1.48332676	1.02	104.3977314	-416.5447566	181
1.48332676	1.03	104.3977314	-416.5534846	182
1.48332676	1.04	104.3977314	-416.5617544	183
1.48332676	1.05	104.3977314	-416.569587	184
1.48332676	1.06	104.3977314	-416.5770019	185
1.48332676	1.07	104.3977314	-416.584018	186
1.48332676	1.08	104.3977314	-416.5906533	187
1.48332676	1.09	104.3977314	-416.596925	188
1.48332676	1.1	104.3977314	-416.6028493	189
1.48332676	1.11	104.3977314	-416.6084421	190
1.48332676	1.12	104.3977314	-416.6137181	191
1.48332676	1.13	104.3977314	-416.6186917	192
1.48332676	1.14	104.3977314	-416.6233765	193
1.48332676	1.15	104.3977314	-416.6277855	194
1.48332676	1.16	104.3977314	-416.6319311	195
1.48332676	1.17	104.3977314	-416.6358251	196
1.48332676	1.18	104.3977314	-416.639479	197
1.48332676	1.19	104.3977314	-416.6429035	198
1.48332676	1.2	104.3977314	-416.6461091	199
1.48332676	1.21	104.3977314	-416.6491056	200
1.48332676	1.22	104.3977314	-416.6519024	201
1.48332676	1.23	104.3977314	-416.6545088	202
1.48332676	1.24	104.3977314	-416.6569332	203
1.48332676	1.25	104.3977314	-416.6591839	204
1.48332676	1.26	104.3977314	-416.6612689	205
1.48332676	1.27	104.3977314	-416.6631958	206
1.48332676	1.28	104.3977314	-416.6649717	207
1.48332676	1.29	104.3977314	-416.6666037	208
1.48332676	1.3	104.3977314	-416.6680982	209
1.48332676	1.31	104.3977314	-416.6694617	210
1.48332676	1.32	104.3977314	-416.6707002	211
1.48332676	1.33	104.3977314	-416.6718194	212
1.48332676	1.34	104.3977314	-416.6728251	213
1.48332676	1.35	104.3977314	-416.6737223	214
1.48332676	1.36	104.3977314	-416.6745164	215
1.48332676	1.37	104.3977314	-416.675212	216
1.48332676	1.38	104.3977314	-416.6758138	217
1.48332676	1.39	104.3977314	-416.6763263	218
1.48332676	1.4	104.3977314	-416.6767538	219
1.48332676	1.41	104.3977314	-416.6771003	220
1.48332676	1.42	104.3977314	-416.6773698	221
1.48332676	1.43	104.3977314	-416.6775659	222
1.48332676	1.44	104.3977314	-416.6776923	223
1.48332676	1.45	104.3977314	-416.6777523	224
1.48332676	1.46	104.3977314	-416.6777493	225
1.48332676	1.47	104.3977314	-416.6776863	226
1.48332676	1.48	104.3977314	-416.6775665	227
1.48332676	1.49	104.3977314	-416.6773926	228
1.48332676	1.5	104.3977314	-416.6771674	229
1.48332676	1.51	104.3977314	-416.6768935	230
1.48332676	1.52	104.3977314	-416.6765735	231
1.48332676	1.53	104.3977314	-416.6762098	232
1.48332676	1.54	104.3977314	-416.6758046	233
1.48332676	1.55	104.3977314	-416.6753602	234
1.48332676	1.56	104.3977314	-416.6748788	235
1.48332676	1.57	104.3977314	-416.6743622	236
1.48332676	1.58	104.3977314	-416.6738125	237
1.48332676	1.59	104.3977314	-416.6732315	238
1.48332676	1.6	104.3977314	-416.6726211	239
1.48332676	1.61	104.3977314	-416.6719827	240
1.48332676	1.62	104.3977314	-416.6713183	241
1.48332676	1.63	104.3977314	-416.6706291	242
1.48332676	1.64	104.3977314	-416.6699168	243
1.48332676	1.65	104.3977314	-416.6691828	244
1.48332676	1.66	104.3977314	-416.6684284	245
1.48332676	1.67	104.3977314	-416.6676549	246
1.48332676	1.68	104.3977314	-416.6668637	247
1.48332676	1.69	104.3977314	-416.6660557	248
1.48332676	1.7	104.3977314	-416.6652323	249
1.48332676	1.71	104.3977314	-416.6643945	250
1.48332676	1.72	104.3977314	-416.6635433	251
1.48332676	1.73	104.3977314	-416.6626798	252
1.48332676	1.74	104.3977314	-416.6618048	253
1.48332676	1.75	104.3977314	-416.6609193	254
1.48332676	1.76	104.3977314	-416.6600242	255
1.48332676	1.77	104.3977314	-416.6591203	256
1.48332676	1.78	104.3977314	-416.6582084	257
1.48332676	1.79	104.3977314	-416.6572893	258
1.48332676	1.8	104.3977314	-416.6563636	259
1.48332676	1.81	104.3977314	-416.6554322	260
1.48332676	1.82	104.3977314	-416.6544955	261
1.48332676	1.83	104.3977314	-416.6535544	262
1.48332676	1.84	104.3977314	-416.6526093	263
1.48332676	1.85	104.3977314	-416.651661	264
1.48332676	1.86	104.3977314	-416.6507098	265
1.48332676	1.87	104.3977314	-416.6497564	266
1.48332676	1.88	104.3977314	-416.6488012	267
1.48332676	1.89	104.3977314	-416.6478448	268
1.48332676	1.9	104.3977314	-416.6468876	269
1.48332676	1.91	104.3977314	-416.6459301	270
1.48332676	1.92	104.3977314	-416.6449726	271
1.48332676	1.93	104.3977314	-416.6440156	272
1.48332676	1.94	104.3977314	-416.6430594	273
1.48332676	1.95	104.3977314	-416.6421045	274
1.48332676	1.96	104.3977314	-416.6411511	275
1.48332676	1.97	104.3977314	-416.6401997	276
1.48332676	1.98	104.3977314	-416.6392505	277
1.48332676	1.99	104.3977314	-416.6383038	278
1.48332676	2	104.3977314	-416.63736	279
1.48332676	2.01	104.3977314	-416.6364192	280
1.48332676	2.02	104.3977314	-416.6354819	281
1.48332676	2.03	104.3977314	-416.6345481	282
1.48332676	2.04	104.3977314	-416.6336183	283
1.48332676	2.05	104.3977314	-416.6326926	284
1.48332676	2.06	104.3977314	-416.6317712	285
1.48332676	2.07	104.3977314	-416.6308543	286
1.48332676	2.08	104.3977314	-416.6299422	287
1.48332676	2.09	104.3977314	-416.6290351	288
1.48332676	2.1	104.3977314	-416.6281331	289
1.48332676	2.11	104.3977314	-416.6272364	290
1.48332676	2.12	104.3977314	-416.6263451	291
1.48332676	2.13	104.3977314	-416.6254595	292
1.48332676	2.14	104.3977314	-416.6245798	293
1.48332676	2.15	104.3977314	-416.6237059	294
1.48332676	2.16	104.3977314	-416.6228382	295
1.48332676	2.17	104.3977314	-416.6219766	296
1.48332676	2.18	104.3977314	-416.6211215	297
1.48332676	2.19	104.3977314	-416.6202728	298
1.48332676	2.2	104.3977314	-416.6194307	299
1.48332676	2.21	104.3977314	-416.6185953	300
1.48332676	2.22	104.3977314	-416.6177668	301
1.48332676	2.23	104.3977314	-416.6169452	302
1.48332676	2.24	104.3977314	-416.6161306	303
1.48332676	2.25	104.3977314	-416.6153231	304
1.48332676	2.26	104.3977314	-416.6145228	305
1.48332676	2.27	104.3977314	-416.6137299	306
1.48332676	2.28	104.3977314	-416.6129443	307
1.48332676	2.29	104.3977314	-416.6121662	308
1.48332676	2.3	104.3977314	-416.6113956	309
1.48332676	2.31	104.3977314	-416.6106326	310
1.48332676	2.32	104.3977314	-416.6098773	311
1.48332676	2.33	104.3977314	-416.6091298	312
1.48332676	2.34	104.3977314	-416.6083901	313
1.48332676	2.35	104.3977314	-416.6076582	314
1.48332676	2.36	104.3977314	-416.6069343	315
1.48332676	2.37	104.3977314	-416.6062184	316
1.48332676	2.38	104.3977314	-416.6055105	317
1.48332676	2.39	104.3977314	-416.6048107	318
1.48332676	2.4	104.3977314	-416.604119	319
1.48332676	2.41	104.3977314	-416.6034356	320
1.48332676	2.42	104.3977314	-416.6027603	321
1.48332676	2.43	104.3977314	-416.6020933	322
1.48332676	2.44	104.3977314	-416.6014347	323
1.48332676	2.45	104.3977314	-416.6007843	324
1.48332676	2.46	104.3977314	-416.6001424	325
1.48332676	2.47	104.3977314	-416.5995089	326
1.48332676	2.48	104.3977314	-416.5988838	327
1.48332676	2.49	104.3977314	-416.5982672	328
1.48332676	2.50	104.3977314	-416.5976591	329
1.48332676	2.51	104.3977314	-416.5970595	330
1.48332676	2.52	104.3977314	-416.5964685	331
1.48332676	2.53	104.3977314	-416.5958860	332
1.48332676	2.54	104.3977314	-416.5953122	333
1.48332676	2.55	104.3977314	-416.5947469	334
1.48332676	2.56	104.3977314	-416.5941903	335
1.48332676	2.57	104.3977314	-416.5936423	336
1.48332676	2.58	104.3977314	-416.5931030	337
1.48332676	2.59	104.3977314	-416.5925724	338
1.48332676	2.60	104.3977314	-416.5920505	339
1.48332676	1.45443504	54	-416.5665009	340
1.48332676	1.45443504	55	-416.5692394	341
1.48332676	1.45443504	56	-416.5722059	342
1.48332676	1.45443504	57	-416.5753699	343
1.48332676	1.45443504	58	-416.5787005	344
1.48332676	1.45443504	59	-416.5821670	345
1.48332676	1.45443504	60	-416.5857396	346
1.48332676	1.45443504	61	-416.5893902	347
1.48332676	1.45443504	62	-416.5930924	348
1.48332676	1.45443504	63	-416.5968220	349
1.48332676	1.45443504	64	-416.6005570	350
1.48332676	1.45443504	65	-416.6042779	351
1.48332676	1.45443504	66	-416.6079673	352
1.48332676	1.45443504	67	-416.6116101	353
1.48332676	1.45443504	68	-416.6151934	354
1.48332676	1.45443504	69	-416.6187062	355
1.48332676	1.45443504	70	-416.6221390	356
1.48332676	1.45443504	71	-416.6254842	357
1.48332676	1.45443504	72	-416.6287355	358
1.48332676	1.45443504	73	-416.6318878	359
1.48332676	1.45443504	74	-416.6349371	360
1.48332676	1.45443504	75	-416.6378803	361
1.48332676	1.45443504	76	-416.6407152	362
1.48332676	1.45443504	77	-416.6434403	363
1.48332676	1.45443504	78	-416.6460546	364
1.48332676	1.45443504	79	-416.6485576	365
1.48332676	1.45443504	80	-416.6509492	366
1.48332676	1.45443504	81	-416.6532298	367
1.48332676	1.45443504	82	-416.6553998	368
1.48332676	1.45443504	83	-416.6574602	369
1.48332676	1.45443504	84	-416.6594119	370
1.48332676	1.45443504	85	-416.6612560	371
1.48332676	1.45443504	86	-416.6629938	372
1.48332676	1.45443504	87	-416.6646267	373
1.48332676	1.45443504	88	-416.6661560	374
1.48332676	1.45443504	89	-416.6675833	375
1.48332676	1.45443504	90	-416.6689101	376
1.48332676	1.45443504	91	-416.6701378	377
1.48332676	1.45443504	92	-416.6712679	378
1.48332676	1.45443504	93	-416.6723020	379
1.48332676	1.45443504	94	-416.6732417	380
1.48332676	1.45443504	95	-416.6740883	381
1.48332676	1.45443504	96	-416.6748433	382
1.48332676	1.45443504	97	-416.6755082	383
1.48332676	1.45443504	98	-416.6760843	384
1.48332676	1.45443504	99	-416.6765731	385
1.48332676	1.45443504	100	-416.6769759	386
1.48332676	1.45443504	101	-416.6772940	387
1.48332676	1.45443504	102	-416.6775286	388
1.48332676	1.45443504	103	-416.6776810	389
1.48332676	1.45443504	104	-416.6777524	390
1.48332676	1.45443504	105	-416.6777439	391
1.48332676	1.45443504	106	-416.6776567	392
1.48332676	1.45443504	107	-416.6774919	393
1.48332676	1.45443504	108	-416.6772505	394
1.48332676	1.45443504	109	-416.6769335	395
1.48332676	1.45443504	110	-416.6765420	396
1.48332676	1.45443504	111	-416.6760768	397
1.48332676	1.45443504	112	-416.6755390	398
1.48332676	1.45443504	113	-416.6749294	399
1.48332676	1.45443504	114	-416.6742490	400
1.48332676	1.45443504	115	-416.6734985	401
1.48332676	1.45443504	116	-416.6726788	402
1.48332676	1.45443504	117	-416.6717907	403
1.48332676	1.45443504	118	-416.6708349	404
1.48332676	1.45443504	119	-416.6698123	405
1.48332676	1.45443504	120	-416.6687236	406
1.48332676	1.45443504	121	-416.6675694	407
1.48332676	1.45443504	122	-416.6663505	408
1.48332676	1.45443504	123	-416.6650676	409
1.48332676	1.45443504	124	-416.6637214	410
1.48332676	1.45443504	125	-416.6623124	411
1.48332676	1.45443504	126	-416.6608413	412
1.48332676	1.45443504	127	-416.6593088	413
1.48332676	1.45443504	128	-416.6577154	414
1.48332676	1.45443504	129	-416.6560619	415
1.48332676	1.45443504	130	-416.6543486	416
1.48332676	1.45443504	131	-416.6525763	417
1.48332676	1.45443504	132	-416.6507456	418
1.48332676	1.45443504	133	-416.6488569	419
1.48332676	1.45443504	134	-416.6469108	420
1.48332676	1.45443504	135	-416.6449080	421
1.48332676	1.45443504	136	-416.6428489	422
1.48332676	1.45443504	137	-416.6407341	423
1.48332676	1.45443504	138	-416.6385641	424
1.48332676	1.45443504	139	-416.6363395	425
1.48332676	1.45443504	140	-416.6340608	426
1.48332676	1.45443504	141	-416.6317287	427
1.48332676	1.45443504	142	-416.6293435	428
1.48332676	1.45443504	143	-416.6269059	429
1.48332676	1.45443504	144	-416.6244164	430
1.48332676	1.45443504	145	-416.6218756	431
1.48332676	1.45443504	146	-416.6192841	432
1.48332676	1.45443504	147	-416.6166423	433
1.48332676	1.45443504	148	-416.6139510	434
1.48332676	1.45443504	149	-416.6112107	435
1.48332676	1.45443504	150	-416.6084221	436
1.48332676	1.45443504	151	-416.6055858	437
1.48332676	1.45443504	152	-416.6027024	438
1.48332676	1.45443504	153	-416.5997726	439
1.48332676	1.45443504	154	-416.5967973	440
1.48332676	1.45443504	155	-416.5937771	441
1.48332676	1.45443504	156	-416.5907130	442
1.48332676	1.45443504	157	-416.5876056	443
1.48332676	1.45443504	158	-416.5844562	444
1.48332676	1.45443504	159	-416.5812656	445
1.48332676	1.45443504	160	-416.5780350	446
1.48332676	1.45443504	161	-416.5747657	447
1.48332676	1.45443504	162	-416.5714592	448
1.48332676	1.45443504	163	-416.5681172	449
1.48332676	1.45443504	164	-416.5647416	450
1.48332676	1.45443504	165	-416.5613349	451
1.48332676	1.45443504	166	-416.5579002	452
1.48332676	1.45443504	167	-416.5544414	453
1.48332676	1.45443504	168	-416.5509639	454
1.48332676	1.45443504	169	-416.5474753	455
1.48332676	1.45443504	170	-416.5439875	456
1.48332676	1.45443504	171	-416.5405200	457
1.48332676	1.45443504	172	-416.5371097	458
1.48332676	1.45443504	173	-416.5338380	459
1.48332676	1.45443504	174	-416.5309482	460
